418754 73819 23795 27130 8604 30577 28117 8095 3257 18870 27260 41210 1628 35992 5738 1049 5038
11945 7165 2825 1826 831 4601 2024 729 1172 67454 1536 2209 154 1141 2249 34 239
19014 3991 1816 2367 1504 2970 641 676 1231 1615 30492 1444 318 1762 1471 21 2927
27158 8574 5677 3361 1022 2933 1566 1391 5536 2414 1764 129732 947 5323 1251 67 279
2898 191 601 1801 99 1501 8437 2442 3747 106 312 623 118967 18089 16 12 2
26362 4827 2557 3352 567 2179 3342 1497 1470 954 1297 2864 9730 252270 828 508 245
3514 4951 2408 1043 2487 6575 2037 429 201 2848 2154 1130 65 1355 13449 29 156
691 223 32 45 137 284 27 16 19 49 18 50 9 402 45 22144 2
3707 784 370 337 187 372 550 144 66 281 1605 278 18 262 145 2 4443
45475 222134 10838 11168 3019 9533 6317 6562 2450 7681 3491 10053 427 8527 5870 181 696
16518 7933 71883 3621 1409 2842 741 1256 4816 2503 2987 4188 727 2715 2676 26 654
21565 11300 3629 224830 1488 5016 21398 4026 7293 2554 2489 3228 2218 4246 901 61 264
5786 2736 849 799 118897 2223 327 888 1346 534 771 640 163 631 1763 244 75
18175 10710 5928 7074 2770 143733 36781 4433 7672 6437 2807 4059 2813 3429 11516 366 202
25214 3266 811 32921 302 29206 177487 1021 7399 2069 453 955 7983 2719 930 28 126
6241 8169 1475 3350 942 3225 2581 329097 3100 1005 987 1319 1857 2372 302 29 81
10065 4204 5304 9981 2807 3786 9541 4718 80554 1090 2046 4049 5070 672 44 8 14
