p 40 289 
e    1    1 418754   1
e    1    2 73819   1
e    1    3 23795   1
e    1    4 27130   1
e    1    5 8604   1
e    1    6 30577   1
e    1    7 28117   1
e    1    8 8095   1
e    1    9 3257   1
e    1   10 18870   1
e    1   11 27260   1
e    1   12 41210   1
e    1   13 1628   1
e    1   14 35992   1
e    1   15 5738   1
e    1   16 1049   1
e    1   17 5038   1
e    2    1 45475   1
e    2    2 222134   1
e    2    3 10838   1
e    2    4 11168   1
e    2    5 3019   1
e    2    6 9533   1
e    2    7 6317   1
e    2    8 6562   1
e    2    9 2450   1
e    2   10 7681   1
e    2   11 3491   1
e    2   12 10053   1
e    2   13  427   1
e    2   14 8527   1
e    2   15 5870   1
e    2   16  181   1
e    2   17  696   1
e    3    1 16518   1
e    3    2 7933   1
e    3    3 71883   1
e    3    4 3621   1
e    3    5 1409   1
e    3    6 2842   1
e    3    7  741   1
e    3    8 1256   1
e    3    9 4816   1
e    3   10 2503   1
e    3   11 2987   1
e    3   12 4188   1
e    3   13  727   1
e    3   14 2715   1
e    3   15 2676   1
e    3   16   26   1
e    3   17  654   1
e    4    1 21565   1
e    4    2 11300   1
e    4    3 3629   1
e    4    4 224830   1
e    4    5 1488   1
e    4    6 5016   1
e    4    7 21398   1
e    4    8 4026   1
e    4    9 7293   1
e    4   10 2554   1
e    4   11 2489   1
e    4   12 3228   1
e    4   13 2218   1
e    4   14 4246   1
e    4   15  901   1
e    4   16   61   1
e    4   17  264   1
e    5    1 5786   1
e    5    2 2736   1
e    5    3  849   1
e    5    4  799   1
e    5    5 118897   1
e    5    6 2223   1
e    5    7  327   1
e    5    8  888   1
e    5    9 1346   1
e    5   10  534   1
e    5   11  771   1
e    5   12  640   1
e    5   13  163   1
e    5   14  631   1
e    5   15 1763   1
e    5   16  244   1
e    5   17   75   1
e    6    1 18175   1
e    6    2 10710   1
e    6    3 5928   1
e    6    4 7074   1
e    6    5 2770   1
e    6    6 143733   1
e    6    7 36781   1
e    6    8 4433   1
e    6    9 7672   1
e    6   10 6437   1
e    6   11 2807   1
e    6   12 4059   1
e    6   13 2813   1
e    6   14 3429   1
e    6   15 11516   1
e    6   16  366   1
e    6   17  202   1
e    7    1 25214   1
e    7    2 3266   1
e    7    3  811   1
e    7    4 32921   1
e    7    5  302   1
e    7    6 29206   1
e    7    7 177487   1
e    7    8 1021   1
e    7    9 7399   1
e    7   10 2069   1
e    7   11  453   1
e    7   12  955   1
e    7   13 7983   1
e    7   14 2719   1
e    7   15  930   1
e    7   16   28   1
e    7   17  126   1
e    8    1 6241   1
e    8    2 8169   1
e    8    3 1475   1
e    8    4 3350   1
e    8    5  942   1
e    8    6 3225   1
e    8    7 2581   1
e    8    8 329097   1
e    8    9 3100   1
e    8   10 1005   1
e    8   11  987   1
e    8   12 1319   1
e    8   13 1857   1
e    8   14 2372   1
e    8   15  302   1
e    8   16   29   1
e    8   17   81   1
e    9    1 10065   1
e    9    2 4204   1
e    9    3 5304   1
e    9    4 9981   1
e    9    5 2807   1
e    9    6 3786   1
e    9    7 9541   1
e    9    8 4718   1
e    9    9 80554   1
e    9   10 1090   1
e    9   11 2046   1
e    9   12 4049   1
e    9   13 5070   1
e    9   14  672   1
e    9   15   44   1
e    9   16    8   1
e    9   17   14   1
e   10    1 11945   1
e   10    2 7165   1
e   10    3 2825   1
e   10    4 1826   1
e   10    5  831   1
e   10    6 4601   1
e   10    7 2024   1
e   10    8  729   1
e   10    9 1172   1
e   10   10 67454   1
e   10   11 1536   1
e   10   12 2209   1
e   10   13  154   1
e   10   14 1141   1
e   10   15 2249   1
e   10   16   34   1
e   10   17  239   1
e   11    1 19014   1
e   11    2 3991   1
e   11    3 1816   1
e   11    4 2367   1
e   11    5 1504   1
e   11    6 2970   1
e   11    7  641   1
e   11    8  676   1
e   11    9 1231   1
e   11   10 1615   1
e   11   11 30492   1
e   11   12 1444   1
e   11   13  318   1
e   11   14 1762   1
e   11   15 1471   1
e   11   16   21   1
e   11   17 2927   1
e   12    1 27158   1
e   12    2 8574   1
e   12    3 5677   1
e   12    4 3361   1
e   12    5 1022   1
e   12    6 2933   1
e   12    7 1566   1
e   12    8 1391   1
e   12    9 5536   1
e   12   10 2414   1
e   12   11 1764   1
e   12   12 129732   1
e   12   13  947   1
e   12   14 5323   1
e   12   15 1251   1
e   12   16   67   1
e   12   17  279   1
e   13    1 2898   1
e   13    2  191   1
e   13    3  601   1
e   13    4 1801   1
e   13    5   99   1
e   13    6 1501   1
e   13    7 8437   1
e   13    8 2442   1
e   13    9 3747   1
e   13   10  106   1
e   13   11  312   1
e   13   12  623   1
e   13   13 118967   1
e   13   14 18089   1
e   13   15   16   1
e   13   16   12   1
e   13   17    2   1
e   14    1 26362   1
e   14    2 4827   1
e   14    3 2557   1
e   14    4 3352   1
e   14    5  567   1
e   14    6 2179   1
e   14    7 3342   1
e   14    8 1497   1
e   14    9 1470   1
e   14   10  954   1
e   14   11 1297   1
e   14   12 2864   1
e   14   13 9730   1
e   14   14 252270   1
e   14   15  828   1
e   14   16  508   1
e   14   17  245   1
e   15    1 3514   1
e   15    2 4951   1
e   15    3 2408   1
e   15    4 1043   1
e   15    5 2487   1
e   15    6 6575   1
e   15    7 2037   1
e   15    8  429   1
e   15    9  201   1
e   15   10 2848   1
e   15   11 2154   1
e   15   12 1130   1
e   15   13   65   1
e   15   14 1355   1
e   15   15 13449   1
e   15   16   29   1
e   15   17  156   1
e   16    1  691   1
e   16    2  223   1
e   16    3   32   1
e   16    4   45   1
e   16    5  137   1
e   16    6  284   1
e   16    7   27   1
e   16    8   16   1
e   16    9   19   1
e   16   10   49   1
e   16   11   18   1
e   16   12   50   1
e   16   13    9   1
e   16   14  402   1
e   16   15   45   1
e   16   16 22144   1
e   16   17    2   1
e   17    1 3707   1
e   17    2  784   1
e   17    3  370   1
e   17    4  337   1
e   17    5  187   1
e   17    6  372   1
e   17    7  550   1
e   17    8  144   1
e   17    9   66   1
e   17   10  281   1
e   17   11 1605   1
e   17   12  278   1
e   17   13   18   1
e   17   14  262   1
e   17   15  145   1
e   17   16    2   1
e   17   17 4443   1
